E: 1668668683.397313 0001 0073 1
E: 1668668683.397313 0000 0000 0
E: 1668668683.584642 0001 0073 0
E: 1668668683.584642 0000 0000 0
E: 1668668684.016523 0001 0073 1
E: 1668668684.016523 0000 0000 0
E: 1668668684.169492 0001 0073 0
E: 1668668684.169492 0000 0000 0
E: 1668668684.549308 0001 0073 1
E: 1668668684.549308 0000 0000 0
E: 1668668684.704670 0001 0073 0
E: 1668668684.704670 0000 0000 0
E: 1668668685.041782 0001 0073 1
E: 1668668685.041782 0000 0000 0
E: 1668668685.205269 0001 0073 0
E: 1668668685.205269 0000 0000 0
E: 1668668685.532447 0001 0073 1
E: 1668668685.532447 0000 0000 0
E: 1668668685.694958 0001 0073 0
E: 1668668685.694958 0000 0000 0
E: 1668668685.971002 0001 0073 1
E: 1668668685.971002 0000 0000 0
E: 1668668686.148086 0001 0073 0
E: 1668668686.148086 0000 0000 0
E: 1668668686.415451 0001 0073 1
E: 1668668686.415451 0000 0000 0
E: 1668668686.583611 0001 0073 0
E: 1668668686.583611 0000 0000 0
E: 1668668686.826319 0001 0073 1
E: 1668668686.826319 0000 0000 0
E: 1668668686.963060 0001 0073 0
E: 1668668686.963060 0000 0000 0
E: 1668668687.212213 0001 0073 1
E: 1668668687.212213 0000 0000 0
E: 1668668687.351122 0001 0073 0
E: 1668668687.351122 0000 0000 0
E: 1668668687.746909 0001 0073 1
E: 1668668687.746909 0000 0000 0
E: 1668668687.953888 0001 0073 0
E: 1668668687.953888 0000 0000 0
E: 1668668688.156827 0001 0073 1
E: 1668668688.156827 0000 0000 0
E: 1668668688.293250 0001 0073 0
E: 1668668688.293250 0000 0000 0
E: 1668668688.504045 0001 0073 1
E: 1668668688.504045 0000 0000 0
E: 1668668688.697556 0001 0073 0
E: 1668668688.697556 0000 0000 0
E: 1668668688.954292 0001 0073 1
E: 1668668688.954292 0000 0000 0
E: 1668668689.094019 0001 0073 0
E: 1668668689.094019 0000 0000 0
E: 1668668689.404848 0001 0073 1
E: 1668668689.404848 0000 0000 0
E: 1668668689.515821 0001 0073 0
E: 1668668689.515821 0000 0000 0
E: 1668668689.794029 0001 0073 1
E: 1668668689.794029 0000 0000 0
E: 1668668689.910298 0001 0073 0
E: 1668668689.910298 0000 0000 0
E: 1668668690.254310 0001 0073 1
E: 1668668690.254310 0000 0000 0
E: 1668668690.377197 0001 0073 0
E: 1668668690.377197 0000 0000 0
E: 1668668690.661061 0001 0073 1
E: 1668668690.661061 0000 0000 0
E: 1668668690.794812 0001 0073 0
E: 1668668690.794812 0000 0000 0
E: 1668668691.074646 0001 0073 1
E: 1668668691.074646 0000 0000 0
E: 1668668691.193156 0001 0073 0
E: 1668668691.193156 0000 0000 0
E: 1668668691.897288 0001 0073 1
E: 1668668691.897288 0000 0000 0
E: 1668668692.022923 0001 0073 0
E: 1668668692.022923 0000 0000 0
